# Created by Octave 3.4.0, Mon Dec 26 18:08:08 2011 BRST <mdlima@bspowksvistaie7.corp.unear.net>
# name: Xval
# type: matrix
# rows: 90
# columns: 1
 107
 197
 8
 41
 113
 80
 191
 139
 99
 34
 70
 41
 57
 20
 46
 187
 56
 50
 29
 79
 59
 159
 239
 34
 1
 40
 45
 37
 210
 42
 51
 36
 93
 36
 14
 13
 116
 21
 115
 49
 60
 16
 25
 69
 77
 40
 129
 9
 221
 278
 137
 78
 20
 114
 16
 157
 21
 100
 64
 76
 73
 26
 149
 114
 155
 4
 263
 33
 247
 26
 4
 5
 323
 17
 93
 160
 76
 52
 31
 30
 130
 246
 45
 245
 108
 77
 227
 38
 68
 13


