# Created by Octave 3.4.0, Mon Dec 26 18:32:42 2011 BRST <mdlima@bspowksvistaie7.corp.unear.net>
# name: X
# type: matrix
# rows: 100
# columns: 1
 110
 2
 59
 27
 113
 228
 116
 120
 95
 14
 107
 18
 98
 46
 60
 110
 43
 153
 3
 170
 22
 121
 35
 34
 209
 112
 1
 109
 186
 23
 102
 33
 113
 80
 131
 117
 91
 153
 30
 159
 152
 63
 29
 98
 35
 255
 113
 106
 34
 228
 46
 71
 7
 0
 24
 39
 73
 173
 81
 44
 82
 56
 42
 136
 1
 19
 127
 51
 72
 7
 3
 53
 121
 94
 164
 119
 11
 105
 141
 97
 70
 63
 92
 0
 47
 18
 45
 68
 2
 156
 89
 161
 194
 28
 43
 82
 134
 30
 29
 182


